500
5
-10
-20
50
20
-1005
-10
-20
50
20
-10000
10000
5
-10
-20
50
20
-1005
-10
-20
50
20
-1005
-10
-20
50
20
-1005
-10
-20
50
20
-1005
-10
-20
50
20
-1005
-10
-20
50
20
-1005
-10
-20
50
20
-1005
-10
-20
50
20
-1005
-10
-20
50
20
-1005
-10
-20
50
20
-1005
-10
-20
50
20
-1005
-10
-20
50
20
-1005
-10
-20
50
20
-1005
-10
-20
50
20
-1005
-10
-20
50
20
-1005
-10
-20
50
20
-1005
-10
-20
50
20
-1005
-10
-20
50
20
-1005
-10
-20
50
20
-1005
-10
-20
50
20
-1005
-10
-20
50
20
-1005
-10
-20
50
20
-1005
-10
-20
50
20
-1005
-10
-20
50
20
-1005
-10
-20
50
20
-1005
-10
-20
50
20
-1005
-10
-20
50
20
-1005
-10
-20
50
20
-1005
-10
-20
50
20
-1005
-10
-20
50
20
-1005
-10
-20
50
20
-1005
-10
-20
50
20
-1005
-10
-20
50
20
-1005
-10
-20
50
20
-1005
-10
-20
50
20
-1005
-10
-20
50
20
-1005
-10
-20
50
20
-1005
-10
-20
50
20
-1005
-10
-20
50
20
-1005
-10
-20
50
20
-1005
-10
-20
50
20
-1005
-10
-20
50
20
-1005
-10
-20
50
20
-1005
-10
-20
50
20
-1005
-10
-20
50
20
-1005
-10
-20
50
20
-1005
-10
-20
50
20
-1005
-10
-20
50
20
-1005
-10
-20
50
20
-1005
-10
-20
50
20
-1005
-10
-20
50
20
-1005
-10
-20
50
20
-1005
-10
-20
50
20
-1005
-10
-20
50
20
-1005
-10
-20
50
20
-1005
-10
-20
50
20
-1005
-10
-20
50
20
-1005
-10
-20
50
20
-1005
-10
-20
50
20
-1005
-10
-20
50
20
-1005
-10
-20
50
20
-1005
-10
-20
50
20
-1005
-10
-20
50
20
-1005
-10
-20
50
20
-1005
-10
-20
50
20
-1005
-10
-20
50
20
-1005
-10
-20
50
20
-1005
-10
-20
50
20
-1005
-10
-20
50
20
-1005
-10
-20
50
20
-1005
-10
-20
50
20
-1005
-10
-20
50
20
-1005
-10
-20
50
20
-1005
-10
-20
50
20
-1005
-10
-20
50
20
-1005
-10
-20
50
20
-1005
-10
-20
50
20
-1005
-10
-20
50
20
-1005
-10
-20
50
20
-1005
-10
-20
50
20
-1005
-10
-20
50
20
-1005
-10
-20
50
20
-1005
-10
-20
50
20
-1005
-10
-20
50
20
-1005
-10
-20
50
20
-1005
-10
-20
50
20
-1005
-10
-20
50
20
-1005
-10
-20
50
20
-1005
-10
-20
50
20
-1005
-10
-20
50
20
-1005
-10
-20
50
20
-1005
-10
-20
50
20
-1005
-10
-20
50
20
-1005
-10
-20
50
20
-1005
-10
-20
50
20
-1005
-10
-20
50
20
-1005
-10
-20
50
20
-100
2000
